

s1 = 0;
s2 = 0;

te1 = 8;
te2 = 28;
